------------------------------------
test suite T1 (62):
8,9,12,13,14,25,27,28,32,33,34,37,38,45,47,56,57,59,61,73,74,75,79,84,88,94,101,102,107,110,112,115,120,124,125,126,128,129,132,134,135,136,139,142,143,147,152,155,158,159,160,165,172,178,179,181,182,188,191,196,197,199
------------------------------------
test suite T2 (58):
3,4,8,9,12,16,19,21,26,29,30,35,36,45,46,55,56,65,68,75,80,86,90,91,94,108,109,110,112,113,114,115,118,119,120,123,125,128,130,131,132,133,134,139,140,145,146,148,149,150,156,161,167,180,183,187,190,197
------------------------------------
test suite T3 (79):
7,8,9,13,14,18,19,20,21,23,26,30,35,40,42,44,45,51,52,57,58,59,60,61,67,68,71,72,73,74,84,88,89,90,93,95,96,97,98,102,105,107,108,110,114,115,118,119,121,123,128,131,133,137,139,141,143,144,145,146,148,149,150,151,153,158,159,163,164,167,168,169,171,174,185,188,192,194,197
------------------------------------
test suite T4 (80):
1,3,5,6,7,8,9,10,14,17,19,21,22,27,29,30,33,38,39,40,44,48,50,53,56,62,63,69,71,72,75,78,80,85,86,92,94,95,96,105,106,107,108,109,112,113,114,115,121,123,132,133,134,135,136,138,140,141,143,146,148,152,157,161,162,163,167,169,171,174,176,178,179,183,184,188,190,192,193,194
------------------------------------
test suite T5 (80):
0,3,4,5,9,10,11,12,17,21,29,30,35,44,50,52,53,54,56,58,62,63,64,66,73,74,77,79,82,86,92,93,94,100,101,103,108,110,111,112,116,117,118,119,123,125,126,127,129,132,134,136,137,140,141,142,144,146,147,149,156,159,161,164,165,166,167,174,175,176,180,183,184,187,188,189,190,193,197,198
------------------------------------
test suite T6 (88):
0,3,6,8,10,15,16,17,20,23,28,31,35,37,40,41,43,45,46,47,48,50,51,54,55,57,59,60,61,62,69,71,72,75,78,80,82,83,84,90,92,93,94,96,98,99,101,102,108,109,112,114,119,120,121,122,128,129,131,134,135,136,139,140,141,142,143,145,147,151,153,156,162,163,164,172,174,178,182,185,187,188,189,190,191,194,196,198
------------------------------------
test suite T7 (100):
2,6,9,14,15,17,19,22,24,25,26,27,28,30,31,32,33,37,38,39,40,41,43,45,47,51,56,58,59,62,63,64,66,67,70,71,72,73,74,77,78,79,83,87,89,90,91,92,94,95,96,100,101,102,105,107,108,111,112,113,115,116,117,118,119,120,121,126,127,129,130,132,135,137,138,139,141,145,147,148,152,154,156,157,158,159,164,165,169,170,171,174,175,179,181,182,183,187,189,198
------------------------------------
test suite T8 (102):
0,1,2,5,10,14,15,17,21,23,24,28,29,30,31,33,34,38,39,40,43,46,47,49,50,57,58,62,65,68,69,70,71,72,74,76,78,79,80,81,82,83,86,87,89,91,92,93,95,97,101,105,106,107,110,113,116,120,121,122,124,125,131,133,135,137,140,141,142,143,144,146,147,150,151,153,154,156,157,162,163,164,167,170,172,174,175,177,179,180,181,182,183,184,186,188,190,191,192,193,196,197
------------------------------------
test suite T9 (95):
1,3,4,5,6,7,8,16,20,21,22,25,28,29,30,34,39,40,41,43,45,46,48,50,53,55,58,59,60,62,63,65,66,67,73,74,76,80,81,82,83,84,85,87,88,95,96,97,98,99,102,105,108,110,112,113,119,120,126,127,129,130,131,132,133,139,140,141,142,143,147,150,151,152,153,154,159,161,162,163,166,169,172,174,176,177,180,181,182,184,186,189,191,197,198
------------------------------------
test suite T10 (109):
0,3,4,5,10,11,13,14,17,18,19,30,32,33,34,35,37,38,43,44,46,48,49,50,51,53,55,57,58,59,61,63,68,69,70,71,72,73,74,76,77,78,80,83,85,87,90,92,93,95,100,101,102,103,104,106,108,111,113,114,115,117,121,125,128,129,132,134,136,137,138,139,140,143,144,145,148,151,153,154,155,156,158,161,162,163,165,167,168,169,170,171,172,174,175,177,180,181,182,183,184,187,188,189,191,195,197,198,199
------------------------------------
test suite T11 (109):
0,1,2,3,7,8,9,11,12,13,15,17,18,19,20,23,24,26,27,28,29,36,38,40,42,44,45,49,52,53,54,56,60,61,62,64,66,67,68,70,72,73,76,77,81,82,83,84,86,87,90,91,94,99,100,103,105,108,112,113,114,115,116,120,123,124,126,128,129,131,132,134,138,140,146,148,149,151,152,153,156,157,158,160,161,162,163,164,165,166,167,168,171,172,173,175,176,180,183,185,187,188,189,191,192,193,194,198,199
------------------------------------
test suite T12 (111):
0,1,3,4,5,9,11,15,17,18,23,28,31,34,36,37,39,40,42,43,44,46,47,48,49,50,55,56,58,60,64,65,66,68,70,73,76,79,80,83,84,85,86,87,90,92,93,94,96,97,98,100,101,102,103,104,108,109,110,113,114,115,117,118,119,122,123,124,126,128,130,133,137,138,145,147,148,149,150,151,152,153,154,157,158,161,162,165,166,167,170,171,172,173,175,176,178,179,181,182,183,184,187,188,189,191,192,193,196,197,199
------------------------------------
test suite T13 (119):
4,5,6,7,8,10,12,13,15,19,20,22,23,27,29,30,31,34,36,37,38,41,45,46,48,51,54,56,57,59,60,62,63,64,65,66,68,69,70,71,72,75,76,77,78,79,82,83,84,85,87,89,90,91,93,95,96,99,100,101,103,104,105,106,107,108,109,111,112,113,115,116,117,118,121,122,123,125,128,129,130,131,133,134,135,137,138,139,144,145,146,147,149,154,155,156,160,161,162,163,164,165,170,171,172,176,177,178,179,183,184,185,186,188,189,191,195,196,197
------------------------------------
test suite T14 (119):
0,1,3,5,6,7,8,9,12,14,15,16,17,19,20,22,23,24,28,30,31,32,33,34,35,37,38,39,42,43,44,47,48,51,56,58,59,60,61,62,64,65,67,68,71,74,75,76,77,78,79,80,81,82,85,87,88,91,93,95,96,100,101,102,104,106,108,111,112,113,115,117,120,123,124,125,126,130,131,132,133,135,137,140,141,142,144,146,150,153,156,157,160,161,162,164,165,166,167,170,171,172,173,174,175,178,182,183,185,188,189,191,192,194,195,196,197,198,199
------------------------------------
test suite T15 (109):
0,1,2,4,5,6,8,9,10,12,13,15,16,17,18,19,20,22,23,24,25,26,27,30,32,35,37,38,39,40,44,45,47,48,49,51,55,56,58,60,62,63,64,65,66,70,71,72,78,81,82,83,86,87,89,92,93,94,96,99,100,101,102,103,107,108,111,112,113,115,122,124,128,130,131,140,141,147,149,150,151,152,153,154,156,157,158,160,161,163,164,165,166,167,168,169,170,172,175,180,183,187,188,189,190,192,194,197,198
------------------------------------
test suite T16 (126):
1,2,4,6,7,8,9,12,13,15,18,19,22,23,24,27,28,30,31,32,33,36,38,39,42,44,53,55,56,57,60,61,62,63,64,65,68,69,70,73,74,77,80,81,83,86,87,88,89,90,91,93,94,97,99,100,101,102,105,106,107,108,110,111,112,114,116,117,118,119,120,121,124,126,129,130,131,133,134,135,136,137,138,139,142,143,145,148,149,152,153,154,155,156,157,158,159,161,162,164,166,167,168,169,170,172,173,174,175,176,177,179,181,183,184,186,187,189,192,193,194,195,196,197,198,199
------------------------------------
test suite T17 (130):
0,1,2,4,5,6,7,8,10,12,13,15,16,17,19,22,23,24,25,28,29,30,32,33,34,39,40,42,43,44,47,48,49,50,54,55,59,60,61,63,64,65,66,67,69,70,72,74,78,79,80,81,82,83,84,85,87,89,90,92,93,94,95,96,97,98,99,100,101,103,105,106,107,109,110,111,114,115,116,119,120,121,124,125,126,127,131,132,133,134,136,138,139,140,141,142,143,144,145,146,148,149,150,152,153,155,156,161,163,164,165,169,170,171,172,173,174,175,176,177,178,182,183,189,191,193,194,195,196,198
------------------------------------
test suite T18 (131):
0,1,2,3,4,7,8,9,10,11,13,15,16,17,20,21,23,24,26,27,30,34,35,37,41,43,45,46,48,49,50,51,54,55,57,58,59,60,61,62,63,64,67,68,69,70,71,72,76,77,78,80,81,85,87,88,89,90,92,93,95,96,99,100,101,103,104,105,106,107,108,110,114,115,116,117,118,121,122,124,125,126,127,128,129,130,131,132,133,135,138,140,141,143,145,146,147,148,149,151,152,153,155,156,157,158,159,162,166,168,169,170,172,174,175,176,177,178,179,180,182,183,185,190,191,193,195,196,197,198,199
------------------------------------
test suite T19 (145):
0,2,3,4,5,6,7,8,9,10,11,15,17,18,19,21,22,24,25,26,28,30,31,32,33,34,35,36,37,38,39,40,41,42,43,44,45,46,47,49,50,51,52,53,55,56,57,58,59,61,62,63,65,66,67,68,69,71,72,74,76,78,80,81,83,84,85,87,88,90,91,92,93,95,97,98,101,102,103,104,105,106,108,109,110,112,114,115,116,117,119,120,127,128,129,130,131,134,135,136,137,138,139,141,143,144,146,147,150,151,152,153,155,157,158,160,161,164,166,167,168,170,171,172,176,177,178,180,181,182,183,184,185,186,187,188,190,191,192,193,194,195,196,198,199
------------------------------------
test suite T20 (143):
0,1,3,4,6,7,8,9,10,11,12,13,14,15,16,17,18,19,21,22,24,25,29,30,31,32,34,35,36,37,38,39,40,41,42,43,44,45,46,49,50,52,53,56,60,61,62,64,65,66,67,68,70,73,74,76,77,78,79,80,81,83,84,86,87,89,91,92,93,94,95,97,98,99,101,104,105,107,108,109,110,111,112,113,114,117,119,120,121,122,123,124,125,126,127,128,129,132,136,138,139,140,142,143,144,145,146,148,152,153,154,155,157,158,159,160,161,162,164,165,166,167,170,171,172,173,175,176,178,179,181,182,183,184,187,188,189,191,194,195,196,197,199